GameName,Id:76561198265071202
Dota 2,11.7

Wishlist
0