GameName,Id:76561198252507384
Mortal Online,0.1

Inventory,Wishlist
?,0